1,1,1700.00,391.00,156.00,337.00,1,-1,-1,-1
1,2,250.00,456.00,107.00,248.00,1,-1,-1,-1
1,3,1255.00,539.00,60.00,118.00,1,-1,-1,-1
1,4,1288.00,459.00,73.00,199.00,1,-1,-1,-1
1,5,120.00,504.00,93.00,239.00,1,-1,-1,-1
2,1,1689.00,390.00,163.00,338.00,1,-1,-1,-1
2,2,262.00,456.00,96.00,250.00,1,-1,-1,-1
2,3,1257.00,538.00,59.00,120.00,1,-1,-1,-1
2,4,1291.00,461.00,71.00,197.00,1,-1,-1,-1
2,5,119.00,503.00,83.00,240.00,1,-1,-1,-1
2,6,0.00,247.00,114.00,662.00,1,-1,-1,-1
3,1,1686.00,389.00,163.00,340.00,1,-1,-1,-1
3,2,262.00,456.00,97.00,251.00,1,-1,-1,-1
3,3,1260.00,538.00,56.00,120.00,1,-1,-1,-1
3,4,1294.00,460.00,68.00,198.00,1,-1,-1,-1
3,5,116.00,503.00,87.00,240.00,1,-1,-1,-1
3,6,0.00,282.00,119.00,626.00,1,-1,-1,-1
4,1,1684.00,390.00,162.00,341.00,1,-1,-1,-1
4,2,262.00,456.00,97.00,251.00,1,-1,-1,-1
4,3,1263.00,539.00,54.00,121.00,1,-1,-1,-1
4,4,1296.00,460.00,67.00,199.00,1,-1,-1,-1
4,5,117.00,503.00,89.00,241.00,1,-1,-1,-1
4,6,0.00,257.00,125.00,652.00,1,-1,-1,-1
5,1,1686.00,389.00,159.00,344.00,1,-1,-1,-1
5,2,262.00,456.00,97.00,250.00,1,-1,-1,-1
5,3,1268.00,541.00,49.00,117.00,1,-1,-1,-1
5,4,1298.00,459.00,68.00,199.00,1,-1,-1,-1
5,5,121.00,504.00,85.00,241.00,1,-1,-1,-1
5,6,0.00,242.00,137.00,667.00,1,-1,-1,-1
6,1,1687.00,390.00,151.00,346.00,1,-1,-1,-1
6,2,264.00,457.00,95.00,249.00,1,-1,-1,-1
6,3,1272.00,540.00,43.00,118.00,1,-1,-1,-1
6,4,1299.00,458.00,69.00,200.00,1,-1,-1,-1
6,5,123.00,505.00,82.00,240.00,1,-1,-1,-1
6,6,0.00,238.00,138.00,671.00,1,-1,-1,-1
7,1,1688.00,390.00,148.00,348.00,1,-1,-1,-1
7,2,267.00,456.00,92.00,249.00,1,-1,-1,-1
7,3,1276.00,539.00,39.00,119.00,1,-1,-1,-1
7,4,1301.00,458.00,68.00,200.00,1,-1,-1,-1
7,5,122.00,509.00,81.00,236.00,1,-1,-1,-1
7,6,0.00,232.00,148.00,676.00,1,-1,-1,-1
7,7,1874.00,346.00,46.00,234.00,1,-1,-1,-1
8,1,1690.00,391.00,146.00,349.00,1,-1,-1,-1
8,2,269.00,456.00,90.00,248.00,1,-1,-1,-1
8,3,1276.00,539.00,39.00,119.00,1,-1,-1,-1
8,4,1301.00,458.00,71.00,201.00,1,-1,-1,-1
8,5,122.00,508.00,76.00,236.00,1,-1,-1,-1
8,6,0.00,228.00,160.00,681.00,1,-1,-1,-1
8,7,1873.00,349.00,47.00,237.00,1,-1,-1,-1
9,1,1689.00,391.00,148.00,350.00,1,-1,-1,-1
9,2,271.00,456.00,88.00,248.00,1,-1,-1,-1
9,3,1276.00,539.00,39.00,119.00,1,-1,-1,-1
9,4,1306.00,458.00,67.00,202.00,1,-1,-1,-1
9,5,122.00,506.00,76.00,238.00,1,-1,-1,-1
9,6,0.00,229.00,164.00,678.00,1,-1,-1,-1
9,7,1873.00,349.00,47.00,237.00,1,-1,-1,-1
10,1,1683.00,390.00,158.00,352.00,1,-1,-1,-1
10,2,273.00,455.00,86.00,245.00,1,-1,-1,-1
10,3,1282.00,539.00,41.00,120.00,1,-1,-1,-1
10,4,1306.00,458.00,67.00,202.00,1,-1,-1,-1
10,5,123.00,504.00,70.00,240.00,1,-1,-1,-1
10,6,0.00,230.00,172.00,678.00,1,-1,-1,-1
10,7,1873.00,349.00,47.00,237.00,1,-1,-1,-1
11,1,1680.00,390.00,163.00,354.00,1,-1,-1,-1
11,2,266.00,456.00,94.00,245.00,1,-1,-1,-1
11,3,1285.00,538.00,41.00,120.00,1,-1,-1,-1
11,4,1308.00,458.00,82.00,203.00,1,-1,-1,-1
11,5,123.00,498.00,70.00,246.00,1,-1,-1,-1
11,6,0.00,231.00,172.00,676.00,1,-1,-1,-1
11,7,1873.00,349.00,47.00,237.00,1,-1,-1,-1
12,1,1677.00,389.00,165.00,355.00,1,-1,-1,-1
12,2,269.00,455.00,91.00,247.00,1,-1,-1,-1
12,3,1287.00,538.00,40.00,121.00,1,-1,-1,-1
12,4,1308.00,458.00,85.00,204.00,1,-1,-1,-1
12,5,122.00,501.00,69.00,243.00,1,-1,-1,-1
12,6,0.00,232.00,177.00,676.00,1,-1,-1,-1
12,7,1867.00,344.00,53.00,294.00,1,-1,-1,-1
13,1,1678.00,388.00,150.00,357.00,1,-1,-1,-1
13,2,282.00,455.00,81.00,248.00,1,-1,-1,-1
13,3,1288.00,539.00,42.00,122.00,1,-1,-1,-1
13,4,1308.00,458.00,85.00,204.00,1,-1,-1,-1
13,5,120.00,491.00,73.00,253.00,1,-1,-1,-1
13,6,0.00,232.00,185.00,701.00,1,-1,-1,-1
13,7,1866.00,344.00,54.00,296.00,1,-1,-1,-1
14,1,1677.00,387.00,148.00,359.00,1,-1,-1,-1
14,2,291.00,452.00,77.00,252.00,1,-1,-1,-1
14,3,1288.00,539.00,43.00,124.00,1,-1,-1,-1
14,4,1308.00,458.00,85.00,204.00,1,-1,-1,-1
14,5,121.00,495.00,76.00,250.00,1,-1,-1,-1
14,6,0.00,233.00,188.00,698.00,1,-1,-1,-1
14,7,1865.00,342.00,55.00,343.00,1,-1,-1,-1
15,1,1672.00,385.00,155.00,360.00,1,-1,-1,-1
15,2,296.00,456.00,82.00,247.00,1,-1,-1,-1
15,3,1289.00,539.00,43.00,123.00,1,-1,-1,-1
15,4,1314.00,464.00,80.00,196.00,1,-1,-1,-1
15,5,123.00,535.00,68.00,207.00,1,-1,-1,-1
15,6,0.00,235.00,194.00,689.00,1,-1,-1,-1
15,7,1862.00,335.00,58.00,408.00,1,-1,-1,-1
16,1,1670.00,383.00,151.00,361.00,1,-1,-1,-1
16,2,304.00,455.00,81.00,246.00,1,-1,-1,-1
16,3,1291.00,539.00,42.00,124.00,1,-1,-1,-1
16,4,1314.00,464.00,80.00,196.00,1,-1,-1,-1
16,5,123.00,539.00,69.00,203.00,1,-1,-1,-1
16,6,0.00,237.00,199.00,680.00,1,-1,-1,-1
16,7,1861.00,329.00,59.00,420.00,1,-1,-1,-1
17,1,1667.00,381.00,155.00,362.00,1,-1,-1,-1
17,2,298.00,453.00,93.00,248.00,1,-1,-1,-1
17,3,1292.00,538.00,42.00,123.00,1,-1,-1,-1
17,4,1314.00,464.00,80.00,196.00,1,-1,-1,-1
17,5,122.00,535.00,69.00,207.00,1,-1,-1,-1
17,6,0.00,237.00,203.00,677.00,1,-1,-1,-1
17,7,1860.00,328.00,60.00,422.00,1,-1,-1,-1
18,1,1662.00,379.00,161.00,366.00,1,-1,-1,-1
18,2,301.00,452.00,99.00,251.00,1,-1,-1,-1
18,3,1293.00,538.00,44.00,122.00,1,-1,-1,-1
18,4,1314.00,464.00,80.00,196.00,1,-1,-1,-1
18,5,122.00,535.00,69.00,207.00,1,-1,-1,-1
18,6,0.00,238.00,210.00,671.00,1,-1,-1,-1
18,7,1862.00,322.00,58.00,426.00,1,-1,-1,-1
18,8,1809.00,444.00,62.00,176.00,1,-1,-1,-1
19,1,1657.00,379.00,164.00,367.00,1,-1,-1,-1
19,2,308.00,453.00,97.00,251.00,1,-1,-1,-1
19,3,1295.00,539.00,45.00,121.00,1,-1,-1,-1
19,4,1314.00,464.00,80.00,196.00,1,-1,-1,-1
19,5,122.00,535.00,69.00,207.00,1,-1,-1,-1
19,6,0.00,237.00,219.00,670.00,1,-1,-1,-1
19,7,1861.00,320.00,59.00,427.00,1,-1,-1,-1
19,8,1809.00,445.00,60.00,171.00,1,-1,-1,-1
20,1,1649.00,379.00,171.00,369.00,1,-1,-1,-1
20,2,298.00,452.00,110.00,252.00,1,-1,-1,-1
20,3,1297.00,537.00,49.00,123.00,1,-1,-1,-1
20,4,1314.00,464.00,80.00,196.00,1,-1,-1,-1
20,5,122.00,535.00,69.00,207.00,1,-1,-1,-1
20,6,0.00,238.00,235.00,665.00,1,-1,-1,-1
20,7,1859.00,323.00,61.00,425.00,1,-1,-1,-1
20,8,1809.00,447.00,56.00,171.00,1,-1,-1,-1
21,1,1649.00,379.00,169.00,371.00,1,-1,-1,-1
21,2,296.00,453.00,112.00,252.00,1,-1,-1,-1
21,3,1298.00,537.00,48.00,123.00,1,-1,-1,-1
21,5,122.00,535.00,69.00,207.00,1,-1,-1,-1
21,6,0.00,239.00,244.00,663.00,1,-1,-1,-1
21,7,1861.00,317.00,59.00,436.00,1,-1,-1,-1
21,8,1809.00,447.00,56.00,173.00,1,-1,-1,-1
22,1,1645.00,379.00,169.00,372.00,1,-1,-1,-1
22,2,288.00,454.00,118.00,250.00,1,-1,-1,-1
22,3,1300.00,537.00,48.00,124.00,1,-1,-1,-1
22,5,122.00,535.00,69.00,207.00,1,-1,-1,-1
22,6,0.00,239.00,250.00,677.00,1,-1,-1,-1
22,7,1859.00,316.00,61.00,440.00,1,-1,-1,-1
22,8,1807.00,446.00,58.00,175.00,1,-1,-1,-1
23,1,1639.00,381.00,172.00,373.00,1,-1,-1,-1
23,2,308.00,454.00,100.00,249.00,1,-1,-1,-1
23,3,1301.00,539.00,45.00,121.00,1,-1,-1,-1
23,6,0.00,241.00,269.00,674.00,1,-1,-1,-1
23,7,1854.00,319.00,66.00,441.00,1,-1,-1,-1
23,8,1806.00,445.00,60.00,176.00,1,-1,-1,-1
24,1,1633.00,382.00,164.00,376.00,1,-1,-1,-1
24,2,306.00,452.00,101.00,251.00,1,-1,-1,-1
24,3,1304.00,538.00,43.00,123.00,1,-1,-1,-1
24,6,0.00,241.00,292.00,671.00,1,-1,-1,-1
24,7,1848.00,320.00,71.00,441.00,1,-1,-1,-1
24,8,1807.00,445.00,58.00,175.00,1,-1,-1,-1
24,9,1331.00,468.00,64.00,195.00,1,-1,-1,-1
25,1,1635.00,384.00,158.00,374.00,1,-1,-1,-1
25,2,307.00,453.00,100.00,250.00,1,-1,-1,-1
25,3,1307.00,538.00,41.00,123.00,1,-1,-1,-1
25,6,0.00,239.00,323.00,670.00,1,-1,-1,-1
25,7,1838.00,321.00,82.00,442.00,1,-1,-1,-1
25,8,1813.00,443.00,52.00,174.00,1,-1,-1,-1
25,9,1332.00,468.00,65.00,197.00,1,-1,-1,-1
26,1,1629.00,384.00,160.00,376.00,1,-1,-1,-1
26,2,311.00,455.00,96.00,248.00,1,-1,-1,-1
26,3,1308.00,538.00,41.00,124.00,1,-1,-1,-1
26,6,2.00,236.00,328.00,665.00,1,-1,-1,-1
26,7,1838.00,322.00,82.00,443.00,1,-1,-1,-1
26,8,1813.00,443.00,52.00,174.00,1,-1,-1,-1
26,9,1331.00,469.00,66.00,197.00,1,-1,-1,-1
27,1,1627.00,383.00,152.00,378.00,1,-1,-1,-1
27,2,310.00,454.00,97.00,248.00,1,-1,-1,-1
27,3,1309.00,538.00,41.00,124.00,1,-1,-1,-1
27,6,2.00,236.00,341.00,666.00,1,-1,-1,-1
27,7,1837.00,322.00,83.00,445.00,1,-1,-1,-1
27,8,1813.00,443.00,52.00,174.00,1,-1,-1,-1
27,9,1332.00,470.00,65.00,195.00,1,-1,-1,-1
28,1,1627.00,379.00,147.00,383.00,1,-1,-1,-1
28,2,310.00,454.00,101.00,249.00,1,-1,-1,-1
28,3,1310.00,540.00,40.00,123.00,1,-1,-1,-1
28,6,2.00,236.00,359.00,666.00,1,-1,-1,-1
28,7,1831.00,322.00,89.00,445.00,1,-1,-1,-1
28,8,1813.00,443.00,52.00,174.00,1,-1,-1,-1
28,9,1333.00,469.00,64.00,196.00,1,-1,-1,-1
29,1,1628.00,377.00,154.00,385.00,1,-1,-1,-1
29,2,309.00,455.00,104.00,249.00,1,-1,-1,-1
29,3,1310.00,540.00,40.00,123.00,1,-1,-1,-1
29,6,3.00,238.00,367.00,660.00,1,-1,-1,-1
29,7,1829.00,321.00,91.00,447.00,1,-1,-1,-1
29,8,1813.00,443.00,52.00,174.00,1,-1,-1,-1
29,9,1333.00,470.00,65.00,196.00,1,-1,-1,-1
30,1,1629.00,377.00,140.00,387.00,1,-1,-1,-1
30,2,316.00,476.00,97.00,227.00,1,-1,-1,-1
30,3,1310.00,540.00,40.00,123.00,1,-1,-1,-1
30,6,1.00,234.00,385.00,667.00,1,-1,-1,-1
30,7,1821.00,319.00,98.00,451.00,1,-1,-1,-1
30,8,1813.00,443.00,52.00,174.00,1,-1,-1,-1
30,9,1333.00,470.00,68.00,194.00,1,-1,-1,-1
31,1,1629.00,375.00,136.00,389.00,1,-1,-1,-1
31,2,321.00,504.00,100.00,197.00,1,-1,-1,-1
31,3,1310.00,540.00,40.00,123.00,1,-1,-1,-1
31,6,1.00,233.00,419.00,676.00,1,-1,-1,-1
31,7,1818.00,319.00,102.00,452.00,1,-1,-1,-1
31,9,1334.00,471.00,78.00,193.00,1,-1,-1,-1
32,1,1627.00,374.00,135.00,389.00,1,-1,-1,-1
32,2,321.00,504.00,100.00,197.00,1,-1,-1,-1
32,3,1310.00,540.00,40.00,123.00,1,-1,-1,-1
32,6,1.00,233.00,420.00,674.00,1,-1,-1,-1
32,7,1817.00,317.00,103.00,454.00,1,-1,-1,-1
32,9,1334.00,470.00,79.00,193.00,1,-1,-1,-1
33,1,1627.00,373.00,147.00,390.00,1,-1,-1,-1
33,2,321.00,504.00,100.00,197.00,1,-1,-1,-1
33,3,1312.00,538.00,43.00,126.00,1,-1,-1,-1
33,6,3.00,237.00,419.00,664.00,1,-1,-1,-1
33,7,1813.00,313.00,106.00,460.00,1,-1,-1,-1
33,9,1334.00,468.00,82.00,194.00,1,-1,-1,-1
34,1,1625.00,371.00,145.00,392.00,1,-1,-1,-1
34,2,321.00,504.00,100.00,197.00,1,-1,-1,-1
34,3,1314.00,539.00,40.00,126.00,1,-1,-1,-1
34,6,3.00,240.00,421.00,663.00,1,-1,-1,-1
34,7,1808.00,310.00,112.00,463.00,1,-1,-1,-1
34,9,1334.00,470.00,84.00,192.00,1,-1,-1,-1
35,1,1626.00,371.00,149.00,394.00,1,-1,-1,-1
35,2,321.00,504.00,100.00,197.00,1,-1,-1,-1
35,3,1315.00,539.00,41.00,125.00,1,-1,-1,-1
35,6,2.00,245.00,457.00,659.00,1,-1,-1,-1
35,7,1803.00,311.00,117.00,457.00,1,-1,-1,-1
35,9,1335.00,470.00,84.00,193.00,1,-1,-1,-1
36,1,1625.00,370.00,150.00,398.00,1,-1,-1,-1
36,2,321.00,504.00,100.00,197.00,1,-1,-1,-1
36,3,1315.00,539.00,42.00,125.00,1,-1,-1,-1
36,6,1.00,249.00,470.00,653.00,1,-1,-1,-1
36,7,1797.00,311.00,123.00,456.00,1,-1,-1,-1
36,9,1335.00,468.00,84.00,195.00,1,-1,-1,-1
37,1,1625.00,370.00,156.00,399.00,1,-1,-1,-1
37,3,1315.00,540.00,43.00,124.00,1,-1,-1,-1
37,6,1.00,248.00,476.00,654.00,1,-1,-1,-1
37,7,1794.00,306.00,126.00,465.00,1,-1,-1,-1
37,9,1335.00,467.00,84.00,197.00,1,-1,-1,-1
38,1,1624.00,369.00,162.00,402.00,1,-1,-1,-1
38,3,1315.00,540.00,43.00,124.00,1,-1,-1,-1
38,6,7.00,253.00,475.00,647.00,1,-1,-1,-1
38,7,1792.00,306.00,128.00,466.00,1,-1,-1,-1
38,9,1335.00,468.00,85.00,195.00,1,-1,-1,-1
39,1,1624.00,370.00,161.00,404.00,1,-1,-1,-1
39,3,1315.00,540.00,43.00,124.00,1,-1,-1,-1
39,6,38.00,253.00,447.00,649.00,1,-1,-1,-1
39,7,1789.00,309.00,131.00,464.00,1,-1,-1,-1
39,9,1335.00,468.00,85.00,196.00,1,-1,-1,-1
40,1,1624.00,372.00,157.00,406.00,1,-1,-1,-1
40,3,1315.00,540.00,43.00,124.00,1,-1,-1,-1
40,6,70.00,254.00,417.00,649.00,1,-1,-1,-1
40,7,1787.00,310.00,133.00,465.00,1,-1,-1,-1
40,9,1336.00,469.00,85.00,194.00,1,-1,-1,-1
41,1,1623.00,371.00,158.00,408.00,1,-1,-1,-1
41,3,1315.00,540.00,43.00,124.00,1,-1,-1,-1
41,6,100.00,250.00,393.00,651.00,1,-1,-1,-1
41,7,1784.00,311.00,136.00,461.00,1,-1,-1,-1
41,9,1337.00,469.00,84.00,195.00,1,-1,-1,-1
42,1,1620.00,370.00,157.00,412.00,1,-1,-1,-1
42,3,1315.00,540.00,43.00,124.00,1,-1,-1,-1
42,6,146.00,250.00,351.00,649.00,1,-1,-1,-1
42,7,1783.00,311.00,137.00,466.00,1,-1,-1,-1
42,9,1337.00,470.00,84.00,194.00,1,-1,-1,-1
43,1,1616.00,367.00,157.00,413.00,1,-1,-1,-1
43,6,203.00,250.00,310.00,643.00,1,-1,-1,-1
43,7,1784.00,312.00,136.00,472.00,1,-1,-1,-1
43,9,1337.00,471.00,84.00,193.00,1,-1,-1,-1
44,1,1613.00,364.00,157.00,417.00,1,-1,-1,-1
44,6,239.00,245.00,284.00,640.00,1,-1,-1,-1
44,7,1783.00,312.00,137.00,478.00,1,-1,-1,-1
44,9,1337.00,470.00,84.00,195.00,1,-1,-1,-1
45,1,1611.00,361.00,159.00,421.00,1,-1,-1,-1
45,6,288.00,248.00,243.00,624.00,1,-1,-1,-1
45,7,1782.00,311.00,138.00,483.00,1,-1,-1,-1
45,9,1338.00,469.00,83.00,196.00,1,-1,-1,-1
46,1,1605.00,360.00,172.00,422.00,1,-1,-1,-1
46,6,308.00,249.00,237.00,616.00,1,-1,-1,-1
46,7,1782.00,309.00,138.00,487.00,1,-1,-1,-1
46,9,1338.00,469.00,83.00,196.00,1,-1,-1,-1
47,1,1597.00,359.00,180.00,423.00,1,-1,-1,-1
47,6,326.00,250.00,210.00,619.00,1,-1,-1,-1
47,7,1782.00,307.00,138.00,488.00,1,-1,-1,-1
47,9,1339.00,468.00,82.00,197.00,1,-1,-1,-1
48,1,1588.00,357.00,188.00,423.00,1,-1,-1,-1
48,6,361.00,258.00,204.00,608.00,1,-1,-1,-1
48,7,1783.00,303.00,137.00,492.00,1,-1,-1,-1
48,9,1339.00,468.00,82.00,197.00,1,-1,-1,-1
49,1,1582.00,356.00,194.00,425.00,1,-1,-1,-1
49,6,380.00,257.00,216.00,606.00,1,-1,-1,-1
49,7,1783.00,299.00,137.00,496.00,1,-1,-1,-1
49,9,1339.00,467.00,82.00,198.00,1,-1,-1,-1
50,1,1576.00,357.00,196.00,425.00,1,-1,-1,-1
50,6,384.00,264.00,269.00,602.00,1,-1,-1,-1
50,7,1782.00,292.00,138.00,506.00,1,-1,-1,-1
50,9,1340.00,467.00,81.00,197.00,1,-1,-1,-1
51,1,1571.00,356.00,201.00,428.00,1,-1,-1,-1
51,6,385.00,266.00,299.00,596.00,1,-1,-1,-1
51,7,1781.00,289.00,139.00,509.00,1,-1,-1,-1
51,9,1339.00,467.00,82.00,197.00,1,-1,-1,-1
51,10,347.00,445.00,89.00,260.00,1,-1,-1,-1
52,1,1569.00,355.00,201.00,429.00,1,-1,-1,-1
52,6,384.00,267.00,324.00,593.00,1,-1,-1,-1
52,7,1781.00,288.00,139.00,507.00,1,-1,-1,-1
52,9,1340.00,468.00,80.00,196.00,1,-1,-1,-1
52,10,362.00,444.00,87.00,262.00,1,-1,-1,-1
53,1,1566.00,355.00,204.00,433.00,1,-1,-1,-1
53,6,385.00,270.00,335.00,588.00,1,-1,-1,-1
53,7,1779.00,284.00,141.00,512.00,1,-1,-1,-1
53,9,1340.00,468.00,80.00,196.00,1,-1,-1,-1
53,10,365.00,441.00,104.00,265.00,1,-1,-1,-1
54,1,1565.00,354.00,198.00,438.00,1,-1,-1,-1
54,6,387.00,273.00,337.00,582.00,1,-1,-1,-1
54,7,1777.00,283.00,143.00,511.00,1,-1,-1,-1
54,9,1340.00,468.00,80.00,196.00,1,-1,-1,-1
54,10,362.00,447.00,113.00,259.00,1,-1,-1,-1
55,1,1563.00,357.00,187.00,436.00,1,-1,-1,-1
55,6,398.00,275.00,329.00,579.00,1,-1,-1,-1
55,7,1774.00,281.00,146.00,516.00,1,-1,-1,-1
55,9,1339.00,467.00,82.00,198.00,1,-1,-1,-1
55,10,364.00,446.00,121.00,260.00,1,-1,-1,-1
56,1,1559.00,358.00,188.00,436.00,1,-1,-1,-1
56,6,416.00,277.00,314.00,575.00,1,-1,-1,-1
56,7,1771.00,281.00,149.00,518.00,1,-1,-1,-1
56,9,1339.00,468.00,81.00,196.00,1,-1,-1,-1
56,10,364.00,447.00,117.00,258.00,1,-1,-1,-1
57,1,1555.00,359.00,189.00,439.00,1,-1,-1,-1
57,6,443.00,271.00,289.00,579.00,1,-1,-1,-1
57,7,1769.00,282.00,151.00,522.00,1,-1,-1,-1
57,9,1339.00,468.00,82.00,196.00,1,-1,-1,-1
57,10,364.00,445.00,117.00,260.00,1,-1,-1,-1
58,1,1547.00,358.00,190.00,441.00,1,-1,-1,-1
58,6,488.00,259.00,242.00,584.00,1,-1,-1,-1
58,7,1764.00,281.00,156.00,524.00,1,-1,-1,-1
58,9,1339.00,468.00,81.00,196.00,1,-1,-1,-1
58,10,363.00,446.00,118.00,259.00,1,-1,-1,-1
59,1,1541.00,357.00,193.00,443.00,1,-1,-1,-1
59,6,517.00,249.00,223.00,596.00,1,-1,-1,-1
59,7,1760.00,283.00,160.00,522.00,1,-1,-1,-1
59,9,1339.00,468.00,82.00,196.00,1,-1,-1,-1
59,10,362.00,446.00,119.00,259.00,1,-1,-1,-1
60,1,1530.00,352.00,200.00,448.00,1,-1,-1,-1
60,6,575.00,258.00,208.00,584.00,1,-1,-1,-1
60,7,1758.00,284.00,162.00,528.00,1,-1,-1,-1
60,9,1339.00,468.00,82.00,195.00,1,-1,-1,-1
60,10,363.00,445.00,118.00,261.00,1,-1,-1,-1
61,1,1525.00,348.00,201.00,452.00,1,-1,-1,-1
61,6,601.00,264.00,210.00,578.00,1,-1,-1,-1
61,7,1755.00,284.00,165.00,531.00,1,-1,-1,-1
61,9,1339.00,468.00,82.00,196.00,1,-1,-1,-1
61,10,366.00,442.00,115.00,263.00,1,-1,-1,-1
62,1,1518.00,345.00,213.00,455.00,1,-1,-1,-1
62,6,609.00,265.00,223.00,580.00,1,-1,-1,-1
62,7,1750.00,282.00,170.00,534.00,1,-1,-1,-1
62,9,1339.00,468.00,82.00,196.00,1,-1,-1,-1
62,10,371.00,441.00,112.00,263.00,1,-1,-1,-1
63,1,1512.00,341.00,218.00,459.00,1,-1,-1,-1
63,6,617.00,271.00,244.00,574.00,1,-1,-1,-1
63,7,1741.00,277.00,179.00,542.00,1,-1,-1,-1
63,9,1339.00,468.00,81.00,196.00,1,-1,-1,-1
63,10,387.00,442.00,101.00,263.00,1,-1,-1,-1
64,1,1510.00,343.00,203.00,458.00,1,-1,-1,-1
64,6,629.00,272.00,243.00,573.00,1,-1,-1,-1
64,7,1739.00,273.00,181.00,548.00,1,-1,-1,-1
64,9,1340.00,468.00,81.00,196.00,1,-1,-1,-1
64,10,396.00,441.00,95.00,266.00,1,-1,-1,-1
65,1,1508.00,343.00,194.00,459.00,1,-1,-1,-1
65,6,633.00,278.00,259.00,565.00,1,-1,-1,-1
65,7,1734.00,269.00,186.00,554.00,1,-1,-1,-1
65,9,1340.00,469.00,81.00,195.00,1,-1,-1,-1
65,10,404.00,439.00,93.00,266.00,1,-1,-1,-1
65,11,903.00,518.00,45.00,111.00,1,-1,-1,-1
65,12,244.00,474.00,54.00,231.00,1,-1,-1,-1
66,1,1512.00,344.00,188.00,460.00,1,-1,-1,-1
66,6,634.00,284.00,265.00,560.00,1,-1,-1,-1
66,7,1727.00,267.00,192.00,557.00,1,-1,-1,-1
66,9,1340.00,469.00,81.00,194.00,1,-1,-1,-1
66,10,408.00,439.00,91.00,265.00,1,-1,-1,-1
66,11,903.00,518.00,45.00,111.00,1,-1,-1,-1
66,12,245.00,476.00,69.00,229.00,1,-1,-1,-1
67,1,1519.00,341.00,182.00,467.00,1,-1,-1,-1
67,6,635.00,288.00,275.00,553.00,1,-1,-1,-1
67,7,1723.00,264.00,196.00,561.00,1,-1,-1,-1
67,9,1339.00,469.00,81.00,194.00,1,-1,-1,-1
67,10,412.00,439.00,90.00,265.00,1,-1,-1,-1
67,11,903.00,518.00,45.00,111.00,1,-1,-1,-1
67,12,246.00,476.00,74.00,228.00,1,-1,-1,-1
68,1,1522.00,344.00,175.00,469.00,1,-1,-1,-1
68,6,646.00,291.00,278.00,550.00,1,-1,-1,-1
68,7,1718.00,261.00,200.00,565.00,1,-1,-1,-1
68,9,1340.00,469.00,80.00,195.00,1,-1,-1,-1
68,10,415.00,442.00,96.00,265.00,1,-1,-1,-1
68,11,903.00,518.00,45.00,111.00,1,-1,-1,-1
68,12,244.00,478.00,86.00,225.00,1,-1,-1,-1
69,1,1521.00,345.00,178.00,470.00,1,-1,-1,-1
69,6,655.00,286.00,271.00,554.00,1,-1,-1,-1
69,7,1713.00,261.00,203.00,564.00,1,-1,-1,-1
69,9,1339.00,469.00,80.00,194.00,1,-1,-1,-1
69,10,416.00,442.00,99.00,268.00,1,-1,-1,-1
69,11,903.00,518.00,45.00,111.00,1,-1,-1,-1
69,12,244.00,478.00,88.00,225.00,1,-1,-1,-1
70,1,1521.00,344.00,173.00,474.00,1,-1,-1,-1
70,6,693.00,288.00,239.00,545.00,1,-1,-1,-1
70,7,1709.00,260.00,204.00,565.00,1,-1,-1,-1
70,9,1339.00,469.00,81.00,195.00,1,-1,-1,-1
70,10,416.00,440.00,102.00,268.00,1,-1,-1,-1
70,11,903.00,518.00,45.00,111.00,1,-1,-1,-1
70,12,247.00,477.00,88.00,227.00,1,-1,-1,-1
71,1,1520.00,346.00,177.00,471.00,1,-1,-1,-1
71,6,715.00,290.00,225.00,531.00,1,-1,-1,-1
71,7,1706.00,261.00,204.00,564.00,1,-1,-1,-1
71,9,1339.00,469.00,81.00,195.00,1,-1,-1,-1
71,10,417.00,439.00,104.00,268.00,1,-1,-1,-1
71,12,248.00,475.00,89.00,229.00,1,-1,-1,-1
72,1,1518.00,347.00,183.00,475.00,1,-1,-1,-1
72,6,742.00,285.00,205.00,532.00,1,-1,-1,-1
72,7,1703.00,262.00,205.00,566.00,1,-1,-1,-1
72,9,1340.00,469.00,80.00,194.00,1,-1,-1,-1
72,10,417.00,440.00,111.00,264.00,1,-1,-1,-1
72,12,248.00,474.00,90.00,230.00,1,-1,-1,-1
73,1,1515.00,346.00,184.00,479.00,1,-1,-1,-1
73,6,772.00,284.00,181.00,526.00,1,-1,-1,-1
73,7,1699.00,263.00,204.00,571.00,1,-1,-1,-1
73,9,1339.00,469.00,81.00,194.00,1,-1,-1,-1
73,10,417.00,440.00,114.00,265.00,1,-1,-1,-1
73,12,251.00,472.00,89.00,232.00,1,-1,-1,-1
74,1,1511.00,345.00,183.00,480.00,1,-1,-1,-1
74,6,792.00,281.00,161.00,527.00,1,-1,-1,-1
74,7,1698.00,265.00,201.00,570.00,1,-1,-1,-1
74,9,1339.00,469.00,80.00,194.00,1,-1,-1,-1
74,10,415.00,440.00,120.00,265.00,1,-1,-1,-1
74,12,254.00,469.00,89.00,236.00,1,-1,-1,-1
75,1,1507.00,340.00,183.00,484.00,1,-1,-1,-1
75,6,803.00,282.00,154.00,525.00,1,-1,-1,-1
75,7,1696.00,267.00,199.00,568.00,1,-1,-1,-1
75,9,1339.00,469.00,80.00,194.00,1,-1,-1,-1
75,10,413.00,440.00,125.00,265.00,1,-1,-1,-1
75,12,258.00,468.00,84.00,236.00,1,-1,-1,-1
76,1,1502.00,337.00,187.00,487.00,1,-1,-1,-1
76,6,811.00,284.00,180.00,523.00,1,-1,-1,-1
76,7,1694.00,267.00,199.00,567.00,1,-1,-1,-1
76,9,1339.00,469.00,80.00,194.00,1,-1,-1,-1
76,10,412.00,439.00,127.00,266.00,1,-1,-1,-1
76,12,251.00,468.00,93.00,236.00,1,-1,-1,-1
77,1,1493.00,335.00,201.00,490.00,1,-1,-1,-1
77,6,816.00,288.00,210.00,518.00,1,-1,-1,-1
77,7,1693.00,268.00,200.00,567.00,1,-1,-1,-1
77,9,1340.00,470.00,80.00,193.00,1,-1,-1,-1
77,10,412.00,437.00,126.00,269.00,1,-1,-1,-1
77,12,252.00,467.00,96.00,238.00,1,-1,-1,-1
78,1,1486.00,332.00,204.00,492.00,1,-1,-1,-1
78,6,816.00,289.00,246.00,516.00,1,-1,-1,-1
78,7,1691.00,269.00,201.00,568.00,1,-1,-1,-1
78,9,1339.00,470.00,81.00,193.00,1,-1,-1,-1
78,10,415.00,436.00,118.00,270.00,1,-1,-1,-1
78,12,258.00,467.00,97.00,237.00,1,-1,-1,-1
79,1,1478.00,331.00,206.00,492.00,1,-1,-1,-1
79,6,820.00,302.00,260.00,497.00,1,-1,-1,-1
79,7,1690.00,268.00,199.00,572.00,1,-1,-1,-1
79,9,1339.00,470.00,81.00,193.00,1,-1,-1,-1
79,10,422.00,434.00,109.00,272.00,1,-1,-1,-1
79,12,267.00,468.00,101.00,236.00,1,-1,-1,-1
80,1,1475.00,328.00,212.00,497.00,1,-1,-1,-1
80,6,823.00,303.00,262.00,493.00,1,-1,-1,-1
80,7,1687.00,267.00,202.00,579.00,1,-1,-1,-1
80,9,1339.00,470.00,81.00,193.00,1,-1,-1,-1
80,10,430.00,435.00,98.00,271.00,1,-1,-1,-1
80,12,280.00,469.00,101.00,235.00,1,-1,-1,-1
81,1,1452.00,327.00,232.00,499.00,1,-1,-1,-1
81,6,825.00,302.00,259.00,497.00,1,-1,-1,-1
81,7,1684.00,263.00,205.00,588.00,1,-1,-1,-1
81,9,1339.00,470.00,81.00,193.00,1,-1,-1,-1
81,10,435.00,433.00,95.00,273.00,1,-1,-1,-1
81,12,286.00,471.00,101.00,233.00,1,-1,-1,-1
82,1,1440.00,325.00,245.00,507.00,1,-1,-1,-1
82,6,835.00,305.00,249.00,494.00,1,-1,-1,-1
82,7,1683.00,260.00,207.00,594.00,1,-1,-1,-1
82,9,1339.00,470.00,81.00,193.00,1,-1,-1,-1
82,10,437.00,433.00,98.00,273.00,1,-1,-1,-1
82,12,286.00,471.00,104.00,234.00,1,-1,-1,-1
83,1,1428.00,324.00,253.00,508.00,1,-1,-1,-1
83,6,858.00,306.00,230.00,483.00,1,-1,-1,-1
83,7,1681.00,255.00,211.00,600.00,1,-1,-1,-1
83,9,1338.00,471.00,82.00,192.00,1,-1,-1,-1
83,10,443.00,433.00,92.00,273.00,1,-1,-1,-1
83,12,286.00,469.00,104.00,237.00,1,-1,-1,-1
84,1,1425.00,325.00,253.00,508.00,1,-1,-1,-1
84,6,878.00,306.00,211.00,477.00,1,-1,-1,-1
84,7,1677.00,252.00,216.00,605.00,1,-1,-1,-1
84,9,1338.00,471.00,81.00,191.00,1,-1,-1,-1
84,10,446.00,433.00,87.00,271.00,1,-1,-1,-1
84,12,292.00,468.00,99.00,238.00,1,-1,-1,-1
85,1,1421.00,327.00,250.00,510.00,1,-1,-1,-1
85,6,915.00,301.00,172.00,480.00,1,-1,-1,-1
85,7,1673.00,250.00,219.00,609.00,1,-1,-1,-1
85,9,1338.00,471.00,82.00,192.00,1,-1,-1,-1
85,10,448.00,432.00,89.00,272.00,1,-1,-1,-1
85,12,295.00,468.00,96.00,239.00,1,-1,-1,-1
86,1,1417.00,329.00,246.00,512.00,1,-1,-1,-1
86,6,939.00,299.00,166.00,481.00,1,-1,-1,-1
86,7,1672.00,247.00,220.00,612.00,1,-1,-1,-1
86,9,1338.00,470.00,82.00,193.00,1,-1,-1,-1
86,10,450.00,432.00,94.00,274.00,1,-1,-1,-1
86,12,303.00,468.00,90.00,239.00,1,-1,-1,-1
87,1,1416.00,330.00,241.00,513.00,1,-1,-1,-1
87,6,948.00,299.00,176.00,479.00,1,-1,-1,-1
87,7,1671.00,245.00,220.00,614.00,1,-1,-1,-1
87,9,1338.00,471.00,82.00,192.00,1,-1,-1,-1
87,10,452.00,431.00,101.00,275.00,1,-1,-1,-1
87,12,310.00,467.00,83.00,239.00,1,-1,-1,-1
88,1,1410.00,331.00,240.00,518.00,1,-1,-1,-1
88,6,946.00,298.00,204.00,480.00,1,-1,-1,-1
88,7,1671.00,242.00,218.00,618.00,1,-1,-1,-1
88,9,1337.00,470.00,83.00,194.00,1,-1,-1,-1
88,10,454.00,432.00,112.00,273.00,1,-1,-1,-1
88,12,313.00,467.00,87.00,240.00,1,-1,-1,-1
89,1,1406.00,330.00,236.00,523.00,1,-1,-1,-1
89,6,958.00,302.00,202.00,480.00,1,-1,-1,-1
89,7,1670.00,240.00,216.00,620.00,1,-1,-1,-1
89,9,1337.00,470.00,83.00,193.00,1,-1,-1,-1
89,10,457.00,432.00,116.00,274.00,1,-1,-1,-1
89,12,313.00,460.00,92.00,247.00,1,-1,-1,-1
90,1,1392.00,327.00,247.00,526.00,1,-1,-1,-1
90,6,967.00,308.00,208.00,472.00,1,-1,-1,-1
90,7,1668.00,240.00,217.00,620.00,1,-1,-1,-1
90,9,1338.00,470.00,79.00,193.00,1,-1,-1,-1
90,10,460.00,432.00,114.00,275.00,1,-1,-1,-1
90,12,313.00,462.00,95.00,245.00,1,-1,-1,-1
91,1,1392.00,324.00,245.00,529.00,1,-1,-1,-1
91,6,968.00,310.00,219.00,470.00,1,-1,-1,-1
91,7,1666.00,240.00,214.00,623.00,1,-1,-1,-1
91,9,1338.00,470.00,80.00,193.00,1,-1,-1,-1
91,10,463.00,433.00,109.00,274.00,1,-1,-1,-1
91,12,313.00,461.00,96.00,245.00,1,-1,-1,-1
92,1,1384.00,324.00,251.00,526.00,1,-1,-1,-1
92,6,971.00,314.00,226.00,465.00,1,-1,-1,-1
92,7,1656.00,239.00,221.00,625.00,1,-1,-1,-1
92,9,1338.00,470.00,80.00,193.00,1,-1,-1,-1
92,10,464.00,433.00,104.00,276.00,1,-1,-1,-1
92,12,316.00,462.00,92.00,246.00,1,-1,-1,-1
93,1,1394.00,318.00,239.00,534.00,1,-1,-1,-1
93,6,1003.00,320.00,203.00,459.00,1,-1,-1,-1
93,7,1639.00,239.00,238.00,630.00,1,-1,-1,-1
93,9,1339.00,467.00,81.00,196.00,1,-1,-1,-1
93,10,464.00,432.00,103.00,277.00,1,-1,-1,-1
93,12,316.00,462.00,96.00,246.00,1,-1,-1,-1
94,1,1382.00,320.00,243.00,531.00,1,-1,-1,-1
94,6,1005.00,324.00,208.00,455.00,1,-1,-1,-1
94,7,1627.00,231.00,247.00,644.00,1,-1,-1,-1
94,9,1339.00,467.00,79.00,196.00,1,-1,-1,-1
94,10,468.00,432.00,100.00,276.00,1,-1,-1,-1
94,12,320.00,463.00,94.00,245.00,1,-1,-1,-1
95,1,1382.00,322.00,237.00,527.00,1,-1,-1,-1
95,6,1009.00,323.00,207.00,454.00,1,-1,-1,-1
95,7,1623.00,231.00,247.00,647.00,1,-1,-1,-1
95,9,1339.00,467.00,79.00,196.00,1,-1,-1,-1
95,10,473.00,431.00,95.00,277.00,1,-1,-1,-1
95,12,323.00,464.00,91.00,243.00,1,-1,-1,-1
96,1,1381.00,313.00,234.00,539.00,1,-1,-1,-1
96,6,1019.00,320.00,204.00,453.00,1,-1,-1,-1
96,7,1626.00,235.00,234.00,648.00,1,-1,-1,-1
96,9,1338.00,468.00,82.00,195.00,1,-1,-1,-1
96,10,476.00,428.00,93.00,283.00,1,-1,-1,-1
96,12,332.00,459.00,80.00,253.00,1,-1,-1,-1
97,1,1383.00,312.00,227.00,542.00,1,-1,-1,-1
97,6,1042.00,319.00,182.00,443.00,1,-1,-1,-1
97,7,1627.00,243.00,227.00,640.00,1,-1,-1,-1
97,9,1337.00,469.00,82.00,192.00,1,-1,-1,-1
97,10,476.00,425.00,94.00,285.00,1,-1,-1,-1
97,12,333.00,459.00,78.00,251.00,1,-1,-1,-1
97,13,1317.00,540.00,42.00,124.00,1,-1,-1,-1
98,1,1378.00,311.00,236.00,551.00,1,-1,-1,-1
98,6,1049.00,316.00,177.00,434.00,1,-1,-1,-1
98,7,1623.00,237.00,223.00,648.00,1,-1,-1,-1
98,9,1339.00,468.00,81.00,195.00,1,-1,-1,-1
98,10,475.00,422.00,97.00,287.00,1,-1,-1,-1
98,12,330.00,468.00,82.00,242.00,1,-1,-1,-1
98,13,1317.00,540.00,42.00,124.00,1,-1,-1,-1
99,1,1377.00,314.00,230.00,561.00,1,-1,-1,-1
99,6,1059.00,317.00,165.00,433.00,1,-1,-1,-1
99,7,1619.00,233.00,222.00,652.00,1,-1,-1,-1
99,9,1338.00,468.00,79.00,194.00,1,-1,-1,-1
99,10,469.00,421.00,104.00,288.00,1,-1,-1,-1
99,12,329.00,465.00,83.00,245.00,1,-1,-1,-1
99,13,1317.00,541.00,41.00,123.00,1,-1,-1,-1
100,1,1377.00,313.00,228.00,563.00,1,-1,-1,-1
100,6,1067.00,317.00,156.00,431.00,1,-1,-1,-1
100,7,1614.00,230.00,223.00,654.00,1,-1,-1,-1
100,9,1338.00,470.00,80.00,192.00,1,-1,-1,-1
100,10,467.00,420.00,106.00,289.00,1,-1,-1,-1
100,12,330.00,459.00,84.00,252.00,1,-1,-1,-1
100,13,1317.00,541.00,41.00,123.00,1,-1,-1,-1
101,1,1374.00,316.00,221.00,565.00,1,-1,-1,-1
101,6,1083.00,320.00,149.00,428.00,1,-1,-1,-1
101,7,1604.00,224.00,229.00,661.00,1,-1,-1,-1
101,9,1339.00,469.00,75.00,191.00,1,-1,-1,-1
101,10,463.00,419.00,111.00,293.00,1,-1,-1,-1
101,12,330.00,456.00,89.00,256.00,1,-1,-1,-1
101,13,1317.00,541.00,41.00,123.00,1,-1,-1,-1
102,1,1371.00,317.00,216.00,563.00,1,-1,-1,-1
102,6,1098.00,320.00,158.00,431.00,1,-1,-1,-1
102,7,1600.00,221.00,228.00,663.00,1,-1,-1,-1
102,9,1339.00,469.00,75.00,191.00,1,-1,-1,-1
102,10,463.00,417.00,119.00,295.00,1,-1,-1,-1
102,12,331.00,449.00,90.00,262.00,1,-1,-1,-1
102,13,1317.00,541.00,41.00,123.00,1,-1,-1,-1
103,1,1363.00,321.00,216.00,565.00,1,-1,-1,-1
103,6,1106.00,326.00,179.00,424.00,1,-1,-1,-1
103,7,1592.00,219.00,229.00,666.00,1,-1,-1,-1
103,9,1338.00,468.00,47.00,194.00,1,-1,-1,-1
103,10,463.00,418.00,121.00,296.00,1,-1,-1,-1
103,12,331.00,449.00,92.00,261.00,1,-1,-1,-1
103,13,1317.00,541.00,41.00,123.00,1,-1,-1,-1
104,1,1356.00,319.00,213.00,573.00,1,-1,-1,-1
104,6,1111.00,327.00,189.00,422.00,1,-1,-1,-1
104,7,1587.00,218.00,227.00,666.00,1,-1,-1,-1
104,9,1338.00,468.00,47.00,194.00,1,-1,-1,-1
104,10,463.00,418.00,123.00,296.00,1,-1,-1,-1
104,12,334.00,448.00,91.00,261.00,1,-1,-1,-1
104,13,1317.00,541.00,41.00,123.00,1,-1,-1,-1
105,1,1344.00,316.00,223.00,576.00,1,-1,-1,-1
105,6,1112.00,329.00,194.00,418.00,1,-1,-1,-1
105,7,1579.00,217.00,227.00,669.00,1,-1,-1,-1
105,9,1338.00,468.00,47.00,194.00,1,-1,-1,-1
105,10,462.00,418.00,124.00,297.00,1,-1,-1,-1
105,12,335.00,449.00,95.00,261.00,1,-1,-1,-1
105,13,1316.00,541.00,43.00,122.00,1,-1,-1,-1
106,1,1333.00,312.00,222.00,577.00,1,-1,-1,-1
106,6,1117.00,334.00,191.00,412.00,1,-1,-1,-1
106,7,1575.00,217.00,225.00,676.00,1,-1,-1,-1
106,9,1338.00,468.00,47.00,194.00,1,-1,-1,-1
106,10,465.00,418.00,121.00,296.00,1,-1,-1,-1
106,12,336.00,451.00,96.00,261.00,1,-1,-1,-1
106,13,1316.00,539.00,45.00,125.00,1,-1,-1,-1
107,1,1317.00,307.00,235.00,582.00,1,-1,-1,-1
107,6,1120.00,334.00,188.00,411.00,1,-1,-1,-1
107,7,1571.00,215.00,217.00,688.00,1,-1,-1,-1
107,9,1338.00,468.00,47.00,194.00,1,-1,-1,-1
107,10,468.00,418.00,118.00,296.00,1,-1,-1,-1
107,12,341.00,454.00,93.00,258.00,1,-1,-1,-1
107,13,1316.00,539.00,45.00,125.00,1,-1,-1,-1
108,1,1301.00,301.00,249.00,590.00,1,-1,-1,-1
108,6,1134.00,336.00,175.00,406.00,1,-1,-1,-1
108,7,1563.00,216.00,217.00,693.00,1,-1,-1,-1
108,9,1338.00,468.00,47.00,194.00,1,-1,-1,-1
108,10,469.00,420.00,114.00,296.00,1,-1,-1,-1
108,12,344.00,459.00,90.00,253.00,1,-1,-1,-1
108,13,1316.00,539.00,45.00,125.00,1,-1,-1,-1
109,1,1288.00,294.00,267.00,600.00,1,-1,-1,-1
109,6,1147.00,334.00,163.00,403.00,1,-1,-1,-1
109,7,1558.00,216.00,220.00,692.00,1,-1,-1,-1
109,10,471.00,422.00,106.00,295.00,1,-1,-1,-1
109,12,346.00,460.00,88.00,253.00,1,-1,-1,-1
109,13,1316.00,539.00,45.00,125.00,1,-1,-1,-1
110,1,1286.00,293.00,266.00,599.00,1,-1,-1,-1
110,6,1165.00,328.00,148.00,405.00,1,-1,-1,-1
110,7,1554.00,217.00,221.00,686.00,1,-1,-1,-1
110,10,471.00,421.00,107.00,297.00,1,-1,-1,-1
110,12,348.00,453.00,85.00,266.00,1,-1,-1,-1
110,13,1316.00,539.00,45.00,125.00,1,-1,-1,-1
111,1,1276.00,292.00,267.00,601.00,1,-1,-1,-1
111,6,1171.00,328.00,146.00,406.00,1,-1,-1,-1
111,7,1549.00,218.00,223.00,689.00,1,-1,-1,-1
111,10,471.00,420.00,104.00,299.00,1,-1,-1,-1
111,12,351.00,451.00,84.00,269.00,1,-1,-1,-1
111,13,1316.00,539.00,45.00,125.00,1,-1,-1,-1
112,1,1268.00,289.00,271.00,609.00,1,-1,-1,-1
112,6,1176.00,326.00,141.00,408.00,1,-1,-1,-1
112,7,1543.00,219.00,225.00,694.00,1,-1,-1,-1
112,10,472.00,418.00,100.00,302.00,1,-1,-1,-1
112,12,353.00,450.00,83.00,271.00,1,-1,-1,-1
113,1,1278.00,288.00,248.00,612.00,1,-1,-1,-1
113,6,1181.00,328.00,139.00,401.00,1,-1,-1,-1
113,7,1538.00,219.00,226.00,702.00,1,-1,-1,-1
113,10,470.00,416.00,102.00,304.00,1,-1,-1,-1
113,12,354.00,447.00,82.00,275.00,1,-1,-1,-1
114,1,1272.00,295.00,242.00,606.00,1,-1,-1,-1
114,6,1181.00,328.00,139.00,401.00,1,-1,-1,-1
114,7,1532.00,219.00,229.00,709.00,1,-1,-1,-1
114,10,467.00,414.00,102.00,306.00,1,-1,-1,-1
114,12,354.00,444.00,84.00,279.00,1,-1,-1,-1
115,1,1264.00,295.00,245.00,610.00,1,-1,-1,-1
115,6,1181.00,328.00,139.00,401.00,1,-1,-1,-1
115,7,1529.00,218.00,226.00,716.00,1,-1,-1,-1
115,10,467.00,413.00,102.00,307.00,1,-1,-1,-1
115,12,355.00,443.00,83.00,279.00,1,-1,-1,-1
116,1,1248.00,297.00,258.00,611.00,1,-1,-1,-1
116,6,1181.00,328.00,139.00,401.00,1,-1,-1,-1
116,7,1524.00,211.00,226.00,729.00,1,-1,-1,-1
116,10,465.00,411.00,103.00,308.00,1,-1,-1,-1
116,12,355.00,442.00,83.00,281.00,1,-1,-1,-1
117,1,1246.00,292.00,262.00,623.00,1,-1,-1,-1
117,6,1181.00,328.00,139.00,401.00,1,-1,-1,-1
117,7,1519.00,206.00,225.00,737.00,1,-1,-1,-1
117,10,464.00,408.00,102.00,311.00,1,-1,-1,-1
117,12,355.00,443.00,82.00,280.00,1,-1,-1,-1
118,1,1245.00,295.00,250.00,627.00,1,-1,-1,-1
118,6,1181.00,328.00,139.00,401.00,1,-1,-1,-1
118,7,1508.00,197.00,230.00,746.00,1,-1,-1,-1
118,10,463.00,407.00,101.00,312.00,1,-1,-1,-1
118,12,353.00,443.00,84.00,284.00,1,-1,-1,-1
119,1,1198.00,295.00,290.00,639.00,1,-1,-1,-1
119,7,1503.00,196.00,233.00,745.00,1,-1,-1,-1
119,10,461.00,408.00,102.00,313.00,1,-1,-1,-1
119,12,354.00,444.00,83.00,283.00,1,-1,-1,-1
120,1,1209.00,292.00,272.00,645.00,1,-1,-1,-1
120,7,1496.00,193.00,238.00,748.00,1,-1,-1,-1
120,10,460.00,408.00,103.00,313.00,1,-1,-1,-1
120,12,353.00,445.00,84.00,283.00,1,-1,-1,-1
121,1,1194.00,291.00,284.00,652.00,1,-1,-1,-1
121,7,1492.00,184.00,239.00,759.00,1,-1,-1,-1
121,10,458.00,407.00,105.00,315.00,1,-1,-1,-1
121,12,351.00,442.00,87.00,286.00,1,-1,-1,-1
122,1,1177.00,284.00,291.00,653.00,1,-1,-1,-1
122,7,1488.00,180.00,241.00,763.00,1,-1,-1,-1
122,10,456.00,407.00,107.00,317.00,1,-1,-1,-1
122,12,350.00,443.00,88.00,286.00,1,-1,-1,-1
123,1,1154.00,285.00,300.00,655.00,1,-1,-1,-1
123,7,1481.00,173.00,244.00,771.00,1,-1,-1,-1
123,10,455.00,408.00,105.00,316.00,1,-1,-1,-1
123,12,345.00,442.00,91.00,290.00,1,-1,-1,-1
124,1,1140.00,277.00,306.00,663.00,1,-1,-1,-1
124,7,1479.00,168.00,244.00,777.00,1,-1,-1,-1
124,10,455.00,409.00,105.00,316.00,1,-1,-1,-1
124,12,346.00,441.00,88.00,291.00,1,-1,-1,-1
125,1,1129.00,275.00,313.00,666.00,1,-1,-1,-1
125,7,1475.00,169.00,247.00,776.00,1,-1,-1,-1
125,10,454.00,409.00,104.00,316.00,1,-1,-1,-1
125,12,346.00,438.00,86.00,294.00,1,-1,-1,-1
126,1,1118.00,272.00,299.00,667.00,1,-1,-1,-1
126,7,1462.00,168.00,254.00,777.00,1,-1,-1,-1
126,10,455.00,409.00,103.00,318.00,1,-1,-1,-1
126,12,338.00,436.00,95.00,297.00,1,-1,-1,-1
127,1,1117.00,270.00,290.00,670.00,1,-1,-1,-1
127,7,1445.00,167.00,268.00,785.00,1,-1,-1,-1
127,10,457.00,407.00,101.00,320.00,1,-1,-1,-1
127,12,339.00,432.00,95.00,301.00,1,-1,-1,-1
128,1,1122.00,275.00,295.00,676.00,1,-1,-1,-1
128,7,1414.00,170.00,290.00,789.00,1,-1,-1,-1
128,10,458.00,404.00,100.00,325.00,1,-1,-1,-1
128,12,328.00,430.00,109.00,300.00,1,-1,-1,-1
129,1,1133.00,268.00,274.00,688.00,1,-1,-1,-1
129,7,1397.00,171.00,302.00,790.00,1,-1,-1,-1
129,10,458.00,402.00,99.00,327.00,1,-1,-1,-1
129,12,325.00,428.00,112.00,304.00,1,-1,-1,-1
130,1,1133.00,268.00,274.00,688.00,1,-1,-1,-1
130,7,1397.00,171.00,302.00,790.00,1,-1,-1,-1
130,10,458.00,402.00,99.00,327.00,1,-1,-1,-1
130,12,325.00,428.00,112.00,304.00,1,-1,-1,-1
131,1,1133.00,268.00,274.00,688.00,1,-1,-1,-1
131,7,1397.00,171.00,302.00,790.00,1,-1,-1,-1
131,10,458.00,402.00,99.00,327.00,1,-1,-1,-1
131,12,325.00,428.00,112.00,304.00,1,-1,-1,-1
132,1,1133.00,268.00,274.00,688.00,1,-1,-1,-1
132,7,1397.00,171.00,302.00,790.00,1,-1,-1,-1
132,10,458.00,402.00,99.00,327.00,1,-1,-1,-1
132,12,325.00,428.00,112.00,304.00,1,-1,-1,-1
133,1,1114.00,273.00,262.00,714.00,1,-1,-1,-1
133,7,1383.00,166.00,279.00,820.00,1,-1,-1,-1
133,10,452.00,400.00,103.00,329.00,1,-1,-1,-1
133,12,327.00,431.00,118.00,304.00,1,-1,-1,-1
133,14,1695.00,474.00,43.00,111.00,1,-1,-1,-1
134,1,1108.00,273.00,261.00,729.00,1,-1,-1,-1
134,7,1379.00,160.00,276.00,827.00,1,-1,-1,-1
134,10,452.00,400.00,103.00,330.00,1,-1,-1,-1
134,12,327.00,429.00,117.00,309.00,1,-1,-1,-1
134,14,1698.00,474.00,40.00,111.00,1,-1,-1,-1
135,1,1103.00,269.00,265.00,734.00,1,-1,-1,-1
135,7,1374.00,158.00,275.00,831.00,1,-1,-1,-1
135,10,452.00,399.00,104.00,330.00,1,-1,-1,-1
135,12,326.00,428.00,117.00,311.00,1,-1,-1,-1
135,14,1698.00,474.00,40.00,111.00,1,-1,-1,-1
135,15,118.00,525.00,77.00,218.00,1,-1,-1,-1
136,1,1085.00,265.00,267.00,731.00,1,-1,-1,-1
136,7,1362.00,149.00,279.00,843.00,1,-1,-1,-1
136,10,451.00,398.00,106.00,331.00,1,-1,-1,-1
136,12,327.00,427.00,117.00,312.00,1,-1,-1,-1
136,14,1698.00,474.00,40.00,111.00,1,-1,-1,-1
136,15,121.00,523.00,75.00,220.00,1,-1,-1,-1
137,1,1074.00,261.00,277.00,732.00,1,-1,-1,-1
137,7,1353.00,148.00,283.00,847.00,1,-1,-1,-1
137,10,451.00,398.00,108.00,333.00,1,-1,-1,-1
137,12,329.00,430.00,113.00,307.00,1,-1,-1,-1
137,14,1698.00,474.00,40.00,111.00,1,-1,-1,-1
137,15,119.00,514.00,82.00,231.00,1,-1,-1,-1
137,16,1.00,394.00,162.00,535.00,1,-1,-1,-1
138,1,1059.00,251.00,292.00,751.00,1,-1,-1,-1
138,7,1339.00,145.00,291.00,852.00,1,-1,-1,-1
138,10,450.00,398.00,110.00,335.00,1,-1,-1,-1
138,12,326.00,427.00,117.00,309.00,1,-1,-1,-1
138,14,1698.00,474.00,40.00,111.00,1,-1,-1,-1
138,15,118.00,514.00,80.00,233.00,1,-1,-1,-1
138,16,1.00,394.00,162.00,535.00,1,-1,-1,-1
139,1,1036.00,245.00,307.00,757.00,1,-1,-1,-1
139,7,1331.00,141.00,292.00,857.00,1,-1,-1,-1
139,10,449.00,398.00,112.00,335.00,1,-1,-1,-1
139,12,324.00,423.00,118.00,312.00,1,-1,-1,-1
139,14,1698.00,474.00,40.00,111.00,1,-1,-1,-1
139,15,118.00,514.00,80.00,233.00,1,-1,-1,-1
139,16,1.00,394.00,162.00,535.00,1,-1,-1,-1
140,1,1014.00,236.00,333.00,767.00,1,-1,-1,-1
140,7,1318.00,138.00,295.00,861.00,1,-1,-1,-1
140,10,448.00,398.00,112.00,335.00,1,-1,-1,-1
140,12,321.00,419.00,116.00,319.00,1,-1,-1,-1
140,15,118.00,514.00,80.00,233.00,1,-1,-1,-1
140,16,0.00,279.00,193.00,649.00,1,-1,-1,-1
141,1,992.00,233.00,343.00,765.00,1,-1,-1,-1
141,7,1309.00,137.00,287.00,861.00,1,-1,-1,-1
141,10,447.00,399.00,114.00,336.00,1,-1,-1,-1
141,12,319.00,418.00,113.00,323.00,1,-1,-1,-1
141,15,118.00,514.00,80.00,233.00,1,-1,-1,-1
141,16,2.00,282.00,198.00,648.00,1,-1,-1,-1
141,17,1322.00,544.00,45.00,123.00,1,-1,-1,-1
142,1,976.00,234.00,346.00,767.00,1,-1,-1,-1
142,7,1301.00,134.00,284.00,865.00,1,-1,-1,-1
142,10,447.00,400.00,114.00,338.00,1,-1,-1,-1
142,12,320.00,417.00,112.00,325.00,1,-1,-1,-1
142,15,118.00,514.00,80.00,233.00,1,-1,-1,-1
142,16,0.00,286.00,202.00,643.00,1,-1,-1,-1
142,17,1322.00,546.00,46.00,122.00,1,-1,-1,-1
143,1,965.00,219.00,346.00,793.00,1,-1,-1,-1
143,7,1286.00,129.00,292.00,883.00,1,-1,-1,-1
143,10,446.00,399.00,116.00,343.00,1,-1,-1,-1
143,12,316.00,417.00,116.00,326.00,1,-1,-1,-1
143,15,118.00,514.00,80.00,233.00,1,-1,-1,-1
143,16,0.00,279.00,207.00,643.00,1,-1,-1,-1
143,17,1323.00,544.00,43.00,124.00,1,-1,-1,-1
144,1,951.00,218.00,356.00,793.00,1,-1,-1,-1
144,7,1281.00,129.00,295.00,899.00,1,-1,-1,-1
144,10,445.00,398.00,117.00,346.00,1,-1,-1,-1
144,12,316.00,417.00,117.00,325.00,1,-1,-1,-1
144,16,0.00,280.00,212.00,658.00,1,-1,-1,-1
144,17,1323.00,544.00,43.00,124.00,1,-1,-1,-1
145,1,941.00,220.00,362.00,793.00,1,-1,-1,-1
145,7,1276.00,128.00,293.00,913.00,1,-1,-1,-1
145,10,444.00,397.00,119.00,348.00,1,-1,-1,-1
145,12,315.00,419.00,119.00,323.00,1,-1,-1,-1
145,16,6.00,277.00,223.00,648.00,1,-1,-1,-1
145,17,1323.00,544.00,43.00,124.00,1,-1,-1,-1
146,1,935.00,228.00,365.00,802.00,1,-1,-1,-1
146,7,1262.00,126.00,300.00,923.00,1,-1,-1,-1
146,10,445.00,396.00,121.00,350.00,1,-1,-1,-1
146,12,311.00,417.00,123.00,334.00,1,-1,-1,-1
146,16,39.00,272.00,201.00,660.00,1,-1,-1,-1
146,17,1323.00,544.00,43.00,124.00,1,-1,-1,-1
146,18,0.00,395.00,106.00,465.00,1,-1,-1,-1
147,1,933.00,231.00,356.00,811.00,1,-1,-1,-1
147,7,1254.00,126.00,304.00,923.00,1,-1,-1,-1
147,10,443.00,395.00,126.00,352.00,1,-1,-1,-1
147,12,310.00,417.00,123.00,334.00,1,-1,-1,-1
147,16,54.00,270.00,200.00,655.00,1,-1,-1,-1
147,17,1323.00,544.00,43.00,124.00,1,-1,-1,-1
147,18,0.00,385.00,118.00,518.00,1,-1,-1,-1
148,1,931.00,234.00,344.00,813.00,1,-1,-1,-1
148,7,1241.00,126.00,306.00,929.00,1,-1,-1,-1
148,10,443.00,391.00,130.00,357.00,1,-1,-1,-1
148,12,309.00,412.00,123.00,340.00,1,-1,-1,-1
148,16,76.00,281.00,243.00,637.00,1,-1,-1,-1
148,17,1323.00,544.00,43.00,124.00,1,-1,-1,-1
148,18,0.00,386.00,206.00,535.00,1,-1,-1,-1
149,1,924.00,236.00,340.00,822.00,1,-1,-1,-1
149,7,1237.00,125.00,306.00,934.00,1,-1,-1,-1
149,10,444.00,390.00,129.00,357.00,1,-1,-1,-1
149,12,306.00,413.00,127.00,341.00,1,-1,-1,-1
149,16,87.00,285.00,286.00,631.00,1,-1,-1,-1
149,18,0.00,391.00,218.00,529.00,1,-1,-1,-1
150,1,912.00,236.00,342.00,836.00,1,-1,-1,-1
150,7,1231.00,123.00,307.00,949.00,1,-1,-1,-1
150,10,446.00,387.00,127.00,361.00,1,-1,-1,-1
150,12,304.00,412.00,127.00,341.00,1,-1,-1,-1
150,16,94.00,289.00,315.00,621.00,1,-1,-1,-1
150,18,0.00,392.00,222.00,527.00,1,-1,-1,-1
151,1,893.00,230.00,353.00,846.00,1,-1,-1,-1
151,7,1223.00,120.00,304.00,955.00,1,-1,-1,-1
151,10,447.00,387.00,126.00,362.00,1,-1,-1,-1
151,12,305.00,407.00,125.00,344.00,1,-1,-1,-1
151,16,95.00,293.00,350.00,612.00,1,-1,-1,-1
151,18,1.00,389.00,225.00,523.00,1,-1,-1,-1
152,1,876.00,223.00,360.00,854.00,1,-1,-1,-1
152,7,1215.00,111.00,308.00,966.00,1,-1,-1,-1
152,10,448.00,386.00,126.00,361.00,1,-1,-1,-1
152,12,303.00,405.00,126.00,343.00,1,-1,-1,-1
152,16,84.00,295.00,372.00,611.00,1,-1,-1,-1
152,18,20.00,385.00,215.00,524.00,1,-1,-1,-1
152,19,1485.00,441.00,80.00,240.00,1,-1,-1,-1
153,1,849.00,221.00,372.00,854.00,1,-1,-1,-1
153,7,1205.00,98.00,310.00,979.00,1,-1,-1,-1
153,10,450.00,388.00,125.00,359.00,1,-1,-1,-1
153,12,323.00,409.00,108.00,334.00,1,-1,-1,-1
153,16,80.00,299.00,387.00,609.00,1,-1,-1,-1
153,18,82.00,387.00,151.00,528.00,1,-1,-1,-1
153,19,1479.00,401.00,101.00,277.00,1,-1,-1,-1
154,1,827.00,218.00,383.00,857.00,1,-1,-1,-1
154,7,1196.00,93.00,315.00,983.00,1,-1,-1,-1
154,10,451.00,386.00,126.00,362.00,1,-1,-1,-1
154,12,342.00,411.00,92.00,332.00,1,-1,-1,-1
154,16,103.00,297.00,369.00,609.00,1,-1,-1,-1
154,18,108.00,386.00,141.00,498.00,1,-1,-1,-1
154,19,1477.00,380.00,108.00,297.00,1,-1,-1,-1
155,1,807.00,215.00,390.00,862.00,1,-1,-1,-1
155,7,1185.00,89.00,323.00,986.00,1,-1,-1,-1
155,10,452.00,388.00,133.00,362.00,1,-1,-1,-1
155,12,360.00,414.00,76.00,290.00,1,-1,-1,-1
155,16,119.00,299.00,349.00,609.00,1,-1,-1,-1
155,18,123.00,388.00,144.00,513.00,1,-1,-1,-1
155,19,1463.00,378.00,125.00,304.00,1,-1,-1,-1
156,1,774.00,210.00,406.00,868.00,1,-1,-1,-1
156,7,1169.00,84.00,335.00,991.00,1,-1,-1,-1
156,10,457.00,388.00,139.00,361.00,1,-1,-1,-1
156,12,360.00,414.00,76.00,290.00,1,-1,-1,-1
156,16,155.00,290.00,314.00,606.00,1,-1,-1,-1
156,18,141.00,381.00,199.00,516.00,1,-1,-1,-1
156,19,1463.00,378.00,126.00,306.00,1,-1,-1,-1
157,1,764.00,207.00,406.00,872.00,1,-1,-1,-1
157,7,1160.00,79.00,338.00,993.00,1,-1,-1,-1
157,10,460.00,387.00,136.00,366.00,1,-1,-1,-1
157,12,360.00,414.00,76.00,290.00,1,-1,-1,-1
157,16,183.00,298.00,287.00,597.00,1,-1,-1,-1
157,18,143.00,391.00,213.00,496.00,1,-1,-1,-1
157,19,1463.00,376.00,127.00,308.00,1,-1,-1,-1
158,1,745.00,204.00,412.00,871.00,1,-1,-1,-1
158,7,1149.00,69.00,341.00,1002.00,1,-1,-1,-1
158,10,463.00,389.00,129.00,366.00,1,-1,-1,-1
158,12,360.00,414.00,76.00,290.00,1,-1,-1,-1
158,16,241.00,289.00,228.00,605.00,1,-1,-1,-1
158,18,139.00,397.00,232.00,488.00,1,-1,-1,-1
158,19,1468.00,375.00,124.00,308.00,1,-1,-1,-1
159,1,752.00,200.00,397.00,870.00,1,-1,-1,-1
159,7,1140.00,64.00,348.00,1006.00,1,-1,-1,-1
159,10,466.00,389.00,125.00,368.00,1,-1,-1,-1
159,12,360.00,414.00,76.00,290.00,1,-1,-1,-1
159,16,283.00,291.00,179.00,601.00,1,-1,-1,-1
159,18,139.00,394.00,225.00,490.00,1,-1,-1,-1
159,19,1476.00,376.00,121.00,301.00,1,-1,-1,-1
160,1,755.00,198.00,384.00,870.00,1,-1,-1,-1
160,7,1128.00,59.00,357.00,1011.00,1,-1,-1,-1
160,10,470.00,390.00,120.00,372.00,1,-1,-1,-1
160,12,360.00,414.00,76.00,290.00,1,-1,-1,-1
160,16,314.00,296.00,177.00,595.00,1,-1,-1,-1
160,18,141.00,401.00,239.00,477.00,1,-1,-1,-1
160,19,1485.00,377.00,117.00,297.00,1,-1,-1,-1
161,1,775.00,156.00,350.00,924.00,1,-1,-1,-1
161,7,1116.00,53.00,361.00,1019.00,1,-1,-1,-1
161,10,480.00,391.00,114.00,370.00,1,-1,-1,-1
161,16,339.00,300.00,198.00,585.00,1,-1,-1,-1
161,18,154.00,391.00,287.00,494.00,1,-1,-1,-1
161,19,1493.00,376.00,119.00,298.00,1,-1,-1,-1
161,20,111.00,527.00,112.00,219.00,1,-1,-1,-1
162,1,775.00,146.00,338.00,934.00,1,-1,-1,-1
162,7,1108.00,50.00,364.00,1022.00,1,-1,-1,-1
162,10,489.00,392.00,108.00,369.00,1,-1,-1,-1
162,16,355.00,298.00,216.00,574.00,1,-1,-1,-1
162,18,173.00,391.00,291.00,498.00,1,-1,-1,-1
162,19,1494.00,374.00,122.00,300.00,1,-1,-1,-1
162,20,117.00,528.00,88.00,216.00,1,-1,-1,-1
163,1,762.00,193.00,341.00,881.00,1,-1,-1,-1
163,7,1095.00,48.00,369.00,1023.00,1,-1,-1,-1
163,10,503.00,389.00,105.00,372.00,1,-1,-1,-1
163,16,371.00,305.00,234.00,564.00,1,-1,-1,-1
163,18,215.00,391.00,250.00,497.00,1,-1,-1,-1
163,19,1510.00,373.00,111.00,302.00,1,-1,-1,-1
163,20,118.00,530.00,76.00,212.00,1,-1,-1,-1
164,1,749.00,194.00,333.00,880.00,1,-1,-1,-1
164,7,1085.00,45.00,371.00,1026.00,1,-1,-1,-1
164,10,513.00,387.00,111.00,370.00,1,-1,-1,-1
164,16,372.00,300.00,254.00,571.00,1,-1,-1,-1
164,18,247.00,384.00,216.00,503.00,1,-1,-1,-1
164,19,1505.00,375.00,117.00,300.00,1,-1,-1,-1
164,20,118.00,528.00,79.00,213.00,1,-1,-1,-1
165,1,743.00,196.00,325.00,877.00,1,-1,-1,-1
165,7,1075.00,43.00,372.00,1029.00,1,-1,-1,-1
165,10,522.00,388.00,116.00,363.00,1,-1,-1,-1
165,16,366.00,307.00,288.00,569.00,1,-1,-1,-1
165,18,277.00,383.00,165.00,478.00,1,-1,-1,-1
165,19,1504.00,376.00,123.00,299.00,1,-1,-1,-1
165,20,120.00,529.00,75.00,213.00,1,-1,-1,-1
166,1,720.00,190.00,338.00,884.00,1,-1,-1,-1
166,7,1056.00,39.00,379.00,1034.00,1,-1,-1,-1
166,10,522.00,388.00,116.00,363.00,1,-1,-1,-1
166,16,369.00,314.00,305.00,562.00,1,-1,-1,-1
166,18,329.00,387.00,123.00,480.00,1,-1,-1,-1
166,19,1504.00,381.00,128.00,290.00,1,-1,-1,-1
166,20,124.00,527.00,69.00,216.00,1,-1,-1,-1
167,1,707.00,184.00,346.00,889.00,1,-1,-1,-1
167,7,1046.00,41.00,381.00,1030.00,1,-1,-1,-1
167,10,522.00,388.00,116.00,363.00,1,-1,-1,-1
167,16,384.00,316.00,300.00,568.00,1,-1,-1,-1
167,18,345.00,380.00,131.00,496.00,1,-1,-1,-1
167,19,1504.00,384.00,134.00,287.00,1,-1,-1,-1
167,20,124.00,527.00,69.00,216.00,1,-1,-1,-1
167,21,1407.00,480.00,63.00,192.00,1,-1,-1,-1
168,1,685.00,175.00,348.00,896.00,1,-1,-1,-1
168,7,1026.00,36.00,391.00,1035.00,1,-1,-1,-1
168,10,522.00,388.00,116.00,363.00,1,-1,-1,-1
168,16,399.00,311.00,292.00,563.00,1,-1,-1,-1
168,18,357.00,386.00,153.00,477.00,1,-1,-1,-1
168,19,1503.00,386.00,139.00,286.00,1,-1,-1,-1
168,20,124.00,527.00,69.00,216.00,1,-1,-1,-1
168,21,1389.00,452.00,79.00,226.00,1,-1,-1,-1
169,1,647.00,167.00,370.00,904.00,1,-1,-1,-1
169,7,1011.00,31.00,398.00,1040.00,1,-1,-1,-1
169,10,522.00,388.00,116.00,363.00,1,-1,-1,-1
169,16,425.00,312.00,243.00,551.00,1,-1,-1,-1
169,18,365.00,388.00,175.00,472.00,1,-1,-1,-1
169,19,1509.00,387.00,136.00,285.00,1,-1,-1,-1
169,20,124.00,527.00,69.00,216.00,1,-1,-1,-1
169,21,1384.00,454.00,85.00,222.00,1,-1,-1,-1
170,1,613.00,161.00,387.00,905.00,1,-1,-1,-1
170,7,1003.00,24.00,400.00,1050.00,1,-1,-1,-1
170,10,522.00,388.00,116.00,363.00,1,-1,-1,-1
170,16,461.00,316.00,203.00,541.00,1,-1,-1,-1
170,18,365.00,390.00,187.00,467.00,1,-1,-1,-1
170,19,1510.00,389.00,136.00,284.00,1,-1,-1,-1
170,20,128.00,504.00,68.00,242.00,1,-1,-1,-1
170,21,1382.00,453.00,87.00,223.00,1,-1,-1,-1
171,1,573.00,152.00,400.00,912.00,1,-1,-1,-1
171,7,987.00,13.00,408.00,1059.00,1,-1,-1,-1
171,16,517.00,313.00,145.00,533.00,1,-1,-1,-1
171,18,362.00,396.00,207.00,459.00,1,-1,-1,-1
171,19,1515.00,386.00,132.00,280.00,1,-1,-1,-1
171,20,128.00,504.00,68.00,242.00,1,-1,-1,-1
171,21,1380.00,449.00,93.00,227.00,1,-1,-1,-1
171,22,1344.00,543.00,43.00,137.00,1,-1,-1,-1
172,1,568.00,149.00,394.00,918.00,1,-1,-1,-1
172,7,979.00,8.00,412.00,1063.00,1,-1,-1,-1
172,16,533.00,315.00,136.00,532.00,1,-1,-1,-1
172,18,367.00,402.00,263.00,451.00,1,-1,-1,-1
172,19,1518.00,385.00,129.00,279.00,1,-1,-1,-1
172,20,128.00,504.00,68.00,242.00,1,-1,-1,-1
172,21,1383.00,449.00,90.00,227.00,1,-1,-1,-1
172,22,1335.00,545.00,53.00,136.00,1,-1,-1,-1
173,1,546.00,143.00,402.00,923.00,1,-1,-1,-1
173,7,962.00,2.00,418.00,1069.00,1,-1,-1,-1
173,16,533.00,315.00,136.00,532.00,1,-1,-1,-1
173,18,381.00,402.00,206.00,448.00,1,-1,-1,-1
173,19,1529.00,384.00,118.00,280.00,1,-1,-1,-1
173,20,128.00,504.00,68.00,242.00,1,-1,-1,-1
173,21,1380.00,442.00,92.00,235.00,1,-1,-1,-1
173,22,1334.00,545.00,54.00,135.00,1,-1,-1,-1
173,23,355.00,407.00,115.00,362.00,1,-1,-1,-1
174,1,540.00,141.00,395.00,924.00,1,-1,-1,-1
174,7,952.00,0.00,423.00,1070.00,1,-1,-1,-1
174,16,533.00,315.00,136.00,532.00,1,-1,-1,-1
174,18,401.00,397.00,188.00,454.00,1,-1,-1,-1
174,19,1534.00,382.00,114.00,282.00,1,-1,-1,-1
174,20,128.00,504.00,68.00,242.00,1,-1,-1,-1
174,21,1380.00,442.00,92.00,235.00,1,-1,-1,-1
174,22,1335.00,546.00,55.00,134.00,1,-1,-1,-1
174,23,358.00,409.00,116.00,362.00,1,-1,-1,-1
175,1,527.00,139.00,398.00,928.00,1,-1,-1,-1
175,7,941.00,3.00,417.00,1066.00,1,-1,-1,-1
175,16,533.00,315.00,136.00,532.00,1,-1,-1,-1
175,18,428.00,390.00,164.00,451.00,1,-1,-1,-1
175,19,1547.00,381.00,104.00,281.00,1,-1,-1,-1
175,20,128.00,504.00,68.00,242.00,1,-1,-1,-1
175,21,1390.00,441.00,84.00,237.00,1,-1,-1,-1
175,22,1337.00,546.00,53.00,135.00,1,-1,-1,-1
175,23,365.00,409.00,119.00,363.00,1,-1,-1,-1
176,1,510.00,135.00,397.00,934.00,1,-1,-1,-1
176,7,935.00,3.00,390.00,1066.00,1,-1,-1,-1
176,16,533.00,315.00,136.00,532.00,1,-1,-1,-1
176,18,472.00,390.00,110.00,448.00,1,-1,-1,-1
176,19,1552.00,382.00,105.00,279.00,1,-1,-1,-1
176,21,1387.00,435.00,89.00,244.00,1,-1,-1,-1
176,22,1338.00,544.00,56.00,138.00,1,-1,-1,-1
176,23,371.00,403.00,126.00,398.00,1,-1,-1,-1
177,1,508.00,139.00,384.00,924.00,1,-1,-1,-1
177,7,925.00,0.00,384.00,1067.00,1,-1,-1,-1
177,16,533.00,315.00,136.00,532.00,1,-1,-1,-1
177,18,472.00,390.00,110.00,448.00,1,-1,-1,-1
177,19,1555.00,384.00,110.00,280.00,1,-1,-1,-1
177,21,1389.00,433.00,87.00,247.00,1,-1,-1,-1
177,22,1340.00,546.00,59.00,136.00,1,-1,-1,-1
177,23,378.00,406.00,121.00,391.00,1,-1,-1,-1
178,1,481.00,139.00,396.00,924.00,1,-1,-1,-1
178,7,917.00,0.00,372.00,1067.00,1,-1,-1,-1
178,18,472.00,390.00,110.00,448.00,1,-1,-1,-1
178,19,1558.00,386.00,116.00,277.00,1,-1,-1,-1
178,21,1391.00,446.00,84.00,233.00,1,-1,-1,-1
178,22,1342.00,546.00,59.00,136.00,1,-1,-1,-1
178,23,382.00,403.00,117.00,396.00,1,-1,-1,-1
179,1,435.00,148.00,430.00,914.00,1,-1,-1,-1
179,7,905.00,0.00,364.00,1067.00,1,-1,-1,-1
179,18,472.00,390.00,110.00,448.00,1,-1,-1,-1
179,19,1558.00,390.00,123.00,271.00,1,-1,-1,-1
179,21,1393.00,444.00,81.00,234.00,1,-1,-1,-1
179,22,1345.00,548.00,53.00,135.00,1,-1,-1,-1
179,23,390.00,399.00,115.00,400.00,1,-1,-1,-1
180,1,428.00,150.00,435.00,911.00,1,-1,-1,-1
180,7,898.00,0.00,358.00,1066.00,1,-1,-1,-1
180,18,472.00,390.00,110.00,448.00,1,-1,-1,-1
180,19,1561.00,391.00,122.00,270.00,1,-1,-1,-1
180,21,1392.00,449.00,83.00,230.00,1,-1,-1,-1
180,22,1346.00,547.00,54.00,135.00,1,-1,-1,-1
180,23,393.00,397.00,105.00,403.00,1,-1,-1,-1
181,1,397.00,137.00,456.00,934.00,1,-1,-1,-1
181,7,882.00,0.00,364.00,1067.00,1,-1,-1,-1
181,18,472.00,390.00,110.00,448.00,1,-1,-1,-1
181,19,1565.00,393.00,118.00,267.00,1,-1,-1,-1
181,21,1395.00,453.00,77.00,227.00,1,-1,-1,-1
181,22,1348.00,546.00,55.00,137.00,1,-1,-1,-1
181,23,393.00,397.00,105.00,403.00,1,-1,-1,-1
181,24,721.00,321.00,146.00,507.00,1,-1,-1,-1
181,25,0.00,180.00,126.00,845.00,1,-1,-1,-1
182,1,389.00,139.00,451.00,927.00,1,-1,-1,-1
182,7,872.00,0.00,370.00,1065.00,1,-1,-1,-1
182,19,1569.00,387.00,114.00,272.00,1,-1,-1,-1
182,21,1395.00,451.00,75.00,227.00,1,-1,-1,-1
182,22,1349.00,545.00,57.00,135.00,1,-1,-1,-1
182,23,393.00,397.00,105.00,403.00,1,-1,-1,-1
182,24,722.00,321.00,145.00,505.00,1,-1,-1,-1
182,25,0.00,190.00,141.00,830.00,1,-1,-1,-1
183,1,389.00,139.00,451.00,927.00,1,-1,-1,-1
183,7,861.00,0.00,371.00,1064.00,1,-1,-1,-1
183,19,1573.00,374.00,111.00,286.00,1,-1,-1,-1
183,21,1396.00,449.00,80.00,230.00,1,-1,-1,-1
183,22,1350.00,544.00,56.00,138.00,1,-1,-1,-1
183,23,393.00,397.00,105.00,403.00,1,-1,-1,-1
183,24,708.00,322.00,158.00,506.00,1,-1,-1,-1
183,25,0.00,188.00,196.00,822.00,1,-1,-1,-1
183,26,128.00,504.00,73.00,240.00,1,-1,-1,-1
184,1,389.00,139.00,451.00,927.00,1,-1,-1,-1
184,7,848.00,0.00,369.00,1062.00,1,-1,-1,-1
184,19,1579.00,388.00,110.00,269.00,1,-1,-1,-1
184,21,1396.00,448.00,81.00,233.00,1,-1,-1,-1
184,22,1353.00,546.00,54.00,137.00,1,-1,-1,-1
184,23,393.00,397.00,105.00,403.00,1,-1,-1,-1
184,24,689.00,322.00,179.00,506.00,1,-1,-1,-1
184,25,0.00,195.00,284.00,806.00,1,-1,-1,-1
184,26,128.00,504.00,73.00,240.00,1,-1,-1,-1
185,1,300.00,123.00,507.00,944.00,1,-1,-1,-1
185,7,836.00,0.00,369.00,1062.00,1,-1,-1,-1
185,19,1581.00,392.00,109.00,263.00,1,-1,-1,-1
185,21,1394.00,447.00,83.00,235.00,1,-1,-1,-1
185,22,1356.00,546.00,51.00,136.00,1,-1,-1,-1
185,23,393.00,397.00,105.00,403.00,1,-1,-1,-1
185,24,723.00,320.00,158.00,510.00,1,-1,-1,-1
185,25,0.00,193.00,325.00,804.00,1,-1,-1,-1
185,26,128.00,504.00,73.00,240.00,1,-1,-1,-1
185,27,636.00,408.00,153.00,406.00,1,-1,-1,-1
186,1,300.00,123.00,507.00,944.00,1,-1,-1,-1
186,7,814.00,0.00,385.00,1066.00,1,-1,-1,-1
186,19,1586.00,386.00,112.00,268.00,1,-1,-1,-1
186,21,1397.00,446.00,77.00,236.00,1,-1,-1,-1
186,22,1358.00,546.00,52.00,138.00,1,-1,-1,-1
186,24,755.00,315.00,119.00,515.00,1,-1,-1,-1
186,25,0.00,206.00,308.00,789.00,1,-1,-1,-1
186,26,128.00,504.00,73.00,240.00,1,-1,-1,-1
186,27,606.00,406.00,173.00,412.00,1,-1,-1,-1
187,1,244.00,96.00,455.00,966.00,1,-1,-1,-1
187,7,802.00,0.00,386.00,1065.00,1,-1,-1,-1
187,19,1588.00,385.00,114.00,279.00,1,-1,-1,-1
187,21,1397.00,446.00,79.00,237.00,1,-1,-1,-1
187,22,1360.00,545.00,50.00,140.00,1,-1,-1,-1
187,24,766.00,323.00,118.00,507.00,1,-1,-1,-1
187,25,1.00,210.00,295.00,788.00,1,-1,-1,-1
187,26,128.00,504.00,73.00,240.00,1,-1,-1,-1
187,27,622.00,404.00,168.00,409.00,1,-1,-1,-1
187,28,579.00,381.00,87.00,391.00,1,-1,-1,-1
188,1,244.00,96.00,455.00,966.00,1,-1,-1,-1
188,7,794.00,0.00,383.00,1061.00,1,-1,-1,-1
188,19,1592.00,387.00,120.00,268.00,1,-1,-1,-1
188,21,1398.00,446.00,82.00,236.00,1,-1,-1,-1
188,22,1361.00,543.00,51.00,142.00,1,-1,-1,-1
188,24,766.00,323.00,118.00,507.00,1,-1,-1,-1
188,25,0.00,215.00,289.00,785.00,1,-1,-1,-1
188,26,128.00,504.00,73.00,240.00,1,-1,-1,-1
188,27,653.00,403.00,140.00,409.00,1,-1,-1,-1
188,28,555.00,376.00,113.00,406.00,1,-1,-1,-1
188,29,1459.00,429.00,88.00,225.00,1,-1,-1,-1
189,1,244.00,96.00,455.00,966.00,1,-1,-1,-1
189,7,778.00,0.00,386.00,1068.00,1,-1,-1,-1
189,19,1590.00,391.00,124.00,264.00,1,-1,-1,-1
189,21,1400.00,446.00,90.00,237.00,1,-1,-1,-1
189,22,1364.00,543.00,48.00,144.00,1,-1,-1,-1
189,24,766.00,323.00,118.00,507.00,1,-1,-1,-1
189,25,2.00,224.00,226.00,783.00,1,-1,-1,-1
189,27,690.00,399.00,115.00,415.00,1,-1,-1,-1
189,28,550.00,374.00,149.00,407.00,1,-1,-1,-1
189,29,1459.00,429.00,88.00,225.00,1,-1,-1,-1
190,1,244.00,96.00,455.00,966.00,1,-1,-1,-1
190,7,762.00,0.00,399.00,1066.00,1,-1,-1,-1
190,19,1592.00,392.00,129.00,263.00,1,-1,-1,-1
190,21,1400.00,446.00,90.00,237.00,1,-1,-1,-1
190,22,1367.00,543.00,51.00,144.00,1,-1,-1,-1
190,24,766.00,323.00,118.00,507.00,1,-1,-1,-1
190,25,0.00,234.00,130.00,738.00,1,-1,-1,-1
190,27,697.00,398.00,154.00,423.00,1,-1,-1,-1
190,28,558.00,376.00,160.00,408.00,1,-1,-1,-1
190,29,1459.00,429.00,88.00,225.00,1,-1,-1,-1
190,30,509.00,396.00,95.00,407.00,1,-1,-1,-1
191,1,244.00,96.00,455.00,966.00,1,-1,-1,-1
191,7,740.00,0.00,409.00,1068.00,1,-1,-1,-1
191,19,1598.00,394.00,129.00,261.00,1,-1,-1,-1
191,21,1400.00,446.00,90.00,237.00,1,-1,-1,-1
191,22,1371.00,543.00,52.00,144.00,1,-1,-1,-1
191,24,766.00,323.00,118.00,507.00,1,-1,-1,-1
191,25,0.00,234.00,130.00,738.00,1,-1,-1,-1
191,27,702.00,402.00,132.00,422.00,1,-1,-1,-1
191,28,568.00,376.00,162.00,408.00,1,-1,-1,-1
191,29,1477.00,430.00,91.00,224.00,1,-1,-1,-1
191,30,464.00,395.00,125.00,407.00,1,-1,-1,-1
192,1,244.00,96.00,455.00,966.00,1,-1,-1,-1
192,7,717.00,0.00,413.00,1061.00,1,-1,-1,-1
192,19,1598.00,395.00,130.00,260.00,1,-1,-1,-1
192,21,1400.00,446.00,90.00,237.00,1,-1,-1,-1
192,22,1374.00,540.00,51.00,148.00,1,-1,-1,-1
192,24,766.00,323.00,118.00,507.00,1,-1,-1,-1
192,25,0.00,248.00,133.00,363.00,1,-1,-1,-1
192,27,702.00,402.00,132.00,422.00,1,-1,-1,-1
192,28,571.00,377.00,163.00,407.00,1,-1,-1,-1
192,29,1479.00,431.00,91.00,223.00,1,-1,-1,-1
192,30,478.00,393.00,114.00,411.00,1,-1,-1,-1
193,7,713.00,0.00,389.00,1070.00,1,-1,-1,-1
193,19,1600.00,398.00,129.00,257.00,1,-1,-1,-1
193,21,1400.00,447.00,94.00,235.00,1,-1,-1,-1
193,22,1375.00,541.00,52.00,148.00,1,-1,-1,-1
193,25,0.00,248.00,133.00,363.00,1,-1,-1,-1
193,27,702.00,402.00,132.00,422.00,1,-1,-1,-1
193,28,574.00,379.00,165.00,405.00,1,-1,-1,-1
193,29,1481.00,431.00,89.00,224.00,1,-1,-1,-1
193,30,485.00,390.00,121.00,414.00,1,-1,-1,-1
194,7,689.00,0.00,388.00,1065.00,1,-1,-1,-1
194,19,1607.00,399.00,123.00,257.00,1,-1,-1,-1
194,21,1405.00,443.00,93.00,237.00,1,-1,-1,-1
194,22,1377.00,536.00,56.00,153.00,1,-1,-1,-1
194,25,0.00,248.00,133.00,363.00,1,-1,-1,-1
194,27,702.00,402.00,132.00,422.00,1,-1,-1,-1
194,28,578.00,381.00,127.00,404.00,1,-1,-1,-1
194,29,1487.00,431.00,84.00,225.00,1,-1,-1,-1
194,30,496.00,387.00,129.00,419.00,1,-1,-1,-1
195,7,658.00,1.00,405.00,1061.00,1,-1,-1,-1
195,19,1610.00,399.00,120.00,256.00,1,-1,-1,-1
195,21,1404.00,443.00,94.00,238.00,1,-1,-1,-1
195,22,1377.00,533.00,59.00,156.00,1,-1,-1,-1
195,25,0.00,248.00,133.00,363.00,1,-1,-1,-1
195,27,702.00,402.00,132.00,422.00,1,-1,-1,-1
195,28,593.00,381.00,98.00,368.00,1,-1,-1,-1
195,29,1490.00,430.00,82.00,226.00,1,-1,-1,-1
195,30,511.00,392.00,123.00,412.00,1,-1,-1,-1
